
The following have been reloaded with a version change:
  1) GCCcore/13.3.0 => GCCcore/12.2.0
  2) ICU/75.1-GCCcore-13.3.0 => ICU/72.1-GCCcore-12.2.0
  3) OpenSSL/3 => OpenSSL/1.1
  4) nodejs/24.12.0-GCCcore-13.3.0 => nodejs/20.11.1-GCCcore-12.2.0


=== cells by movement in the capital-income rate ===
   age_cohort bin  tau_all    tau_kept n_drop n_cell year     d_tau
1          76  14 5.725733 0.110160042      1     18 2030 -5.615573
2          31   3 4.192135 0.004831779      1     20 2030 -4.187304
3          46   4 3.955304 0.096602447      2     40 2030 -3.858702
4          31   3 3.845531 0.074459569      1     20 2045 -3.771072
5          31   3 3.624583 0.004581155      1     20 2040 -3.620002
6          31   3 3.559802 0.004359646      1     20 2035 -3.555442
7          31  70 3.591342 0.095839695      1     19 2030 -3.495502
8          46   4 3.430612 0.069610024      1     40 2045 -3.361002
9          46   4 3.334973 0.085410648      1     40 2040 -3.249563
10         46   4 3.157376 0.085193532      1     40 2035 -3.072183
11         31  70 2.315499 0.098036577      1     19 2045 -2.217462
12         31  70 2.211698 0.098286993      1     19 2040 -2.113411
13         31  70 2.137045 0.095511948      1     19 2035 -2.041533
14         74  16 1.871219 0.150966693      1     21 2045 -1.720252
15         74  16 1.720693 0.103025454      1     21 2040 -1.617668
16         76  14 1.557427 0.119100789      1     18 2035 -1.438326
17         19  95 1.395742 0.025622016      1     12 2045 -1.370120
18         76  14 1.462567 0.122801665      1     18 2045 -1.339765
19         76  14 1.460969 0.122044002      1     18 2040 -1.338925
20         21  22 1.285705 0.000000000      1     13 2030 -1.285705

=== how many cells move, by year ===
  year n_cells over_1pt over_5pt over_20pt median_abs_d max_abs_d tau_all_max
1 2026    6300      607      244        58            0  1.153661    1.290526
2 2030    6300      512      203        50            0  5.615573    5.725733
3 2035    6300      463      178        48            0  3.555442    3.559802
4 2040    6300      453      169        45            0  3.620002    3.624583
5 2045    6300      420      154        46            0  3.771072    3.845531
